2 0.375 0.22235576923076922 0.23557692307692307 0.31971153846153844
2 0.39903846153846156 0.140625 0.15625 0.15625
2 0.5552884615384616 0.25 0.17307692307692307 0.375
2 0.3004807692307692 0.27403846153846156 0.36778846153846156 0.4375
2 0.09375 0.359375 0.1875 0.59375
2 0.6802884615384616 0.3713942307692308 0.625 0.6322115384615384
2 0.8629807692307693 0.7307692307692307 0.25721153846153844 0.30528846153846156
2 0.890625 0.9206730769230769 0.20432692307692307 0.15384615384615385
2 0.5 0.8245192307692307 0.46875 0.27403846153846156
2 0.6334134615384616 0.8966346153846154 0.33413461538461536 0.20192307692307693
2 0.36899038461538464 0.9747596153846154 0.20432692307692307 0.04567307692307692
2 0.2536057692307692 0.7620192307692307 0.44471153846153844 0.21153846153846154
2 0.30528846153846156 0.6129807692307693 0.2980769230769231 0.31971153846153844
2 0.078125 0.7115384615384616 0.15625 0.23557692307692307
2 0.12860576923076922 0.8713942307692307 0.25721153846153844 0.10096153846153846
2 0.14903846153846154 0.9555288461538461 0.2980769230769231 0.08413461538461539
2 0.8713942307692307 0.265625 0.24278846153846154 0.3894230769230769
2 0.49759615384615385 0.5300480769230769 0.9951923076923077 0.9350961538461539
