2 0.12139423076923077 0.43028846153846156 0.22596153846153846 0.25
2 0.12139423076923077 0.6754807692307693 0.22596153846153846 0.25721153846153844
2 0.3629807692307692 0.5432692307692307 0.27403846153846156 0.27403846153846156
2 0.4411057692307692 0.4254807692307692 0.24278846153846154 0.22596153846153846
2 0.35096153846153844 0.7776442307692307 0.1875 0.19471153846153846
2 0.6057692307692307 0.8870192307692307 0.24278846153846154 0.19471153846153846
2 0.7223557692307693 0.734375 0.31971153846153844 0.28125
2 0.4963942307692308 0.6947115384615384 0.13221153846153846 0.2644230769230769
2 0.7115384615384616 0.49278846153846156 0.2644230769230769 0.3125
2 0.9026442307692307 0.5240384615384616 0.18028846153846154 0.25
