5 0.06796875 0.7703125 0.1359375 0.21171875
5 0.26640625 0.8546875 0.2640625 0.23125
5 0.5015625 0.89296875 0.253125 0.17421875
5 0.740625 0.91796875 0.25625 0.10078125
5 0.10546875 0.5484375 0.2109375 0.25
5 0.33359375 0.61875 0.2453125 0.25
5 0.57890625 0.68046875 0.2546875 0.23203125
5 0.80859375 0.76015625 0.2640625 0.2546875
5 0.16328125 0.303125 0.2796875 0.23828125
5 0.42109375 0.36796875 0.2640625 0.2265625
5 0.6625 0.4390625 0.25 0.22578125
5 0.88671875 0.51640625 0.2265625 0.23828125
5 0.25234375 0.1015625 0.3015625 0.20234375
5 0.48828125 0.134375 0.2515625 0.24453125
5 0.65703125 0.23046875 0.1515625 0.1421875
5 0.7953125 0.1859375 0.146875 0.15625
5 0.9625 0.3390625 0.075 0.12421875
5 0.9765625 0.24453125 0.046875 0.12890625
