5 0.6953125 0.64765625 0.39140625 0.31015625
5 0.25234375 0.31796875 0.3015625 0.25859375
5 0.34375 0.76015625 0.35625 0.2828125
5 0.50703125 0.26796875 0.25703125 0.2328125
5 0.41015625 0.57578125 0.29296875 0.22109375
5 0.43359375 0.47890625 0.2390625 0.16328125
5 0.14453125 0.60234375 0.2890625 0.2046875
5 0.10703125 0.78203125 0.21328125 0.23671875
5 0.2828125 0.91953125 0.41171875 0.1578125
5 0.6703125 0.496875 0.2375 0.16640625
5 0.69453125 0.384375 0.21953125 0.15
5 0.546875 0.1484375 0.2375 0.16640625
5 0.69765625 0.321875 0.23515625 0.14765625
5 0.2109375 0.4953125 0.2625 0.1875
5 0.309375 0.16953125 0.259375 0.1640625
