0 0.86484375 0.5625 0.2703125 0.571875
0 0.6734375 0.82109375 0.128125 0.12421875
0 0.48125 0.7515625 0.08359375 0.19609375
0 0.6171875 0.61640625 0.18984375 0.2625
0 0.59296875 0.378125 0.2515625 0.07265625
0 0.2046875 0.42578125 0.0953125 0.084375
0 0.37265625 0.421875 0.090625 0.07109375
0 0.2984375 0.659375 0.25390625 0.271875
5 0.168185378125 0.7375468859375001 0.167413884375 0.512271059375 0.42740687812499994 0.513299715625 0.42509240000000004 0.7910370359375001 0.4366647875 0.7756071859375 0.44360822187500004 0.397061503125 0.42046344375 0.3929468765625 0.4220064296875 0.46289553437500003 0.31939791875 0.4639241921875 0.32325538125 0.3919182203125 0.2561355296875 0.4022047875 0.2561355296875 0.473182103125 0.151212540625 0.473182103125 0.1504410484375 0.409405384375 0.123438809375 0.4073480703125 0.11880985468750001 0.48346867031249996 0.131153734375 0.48346867031249996 0.168185378125 0.7375468859375001
5 0.5169000140625 0.469067475 0.722888528125 0.45466628125 0.7259744968749999 0.4073480703125 0.47061046093750003 0.41146269843749994 0.4844973265625 0.6470250921875 0.5169000140625 0.642910465625 0.5169000140625 0.469067475
