5 0.2828125 0.58984375 0.425 0.35234375
5 0.82265625 0.43671875 0.3265625 0.2921875
5 0.60546875 0.825 0.3859375 0.32109375
5 0.58046875 0.2953125 0.2796875 0.259375
5 0.590625 0.62578125 0.31796875 0.25078125
5 0.59609375 0.5234375 0.25703125 0.1875
5 0.84765625 0.7515625 0.3046875 0.234375
5 0.859375 0.90703125 0.28125 0.1859375
5 0.61875 0.9515625 0.434375 0.096875
5 0.3515625 0.4546875 0.25625 0.190625
5 0.359375 0.3390625 0.2375 0.17265625
5 0.575 0.165625 0.25625 0.190625
5 0.37265625 0.27734375 0.2515625 0.1703125
5 0.81484375 0.621875 0.28359375 0.2125
5 0.809375 0.2734375 0.278125 0.190625
