0 0.378125 0.66953125 0.065625 0.06953125
0 0.7046875 0.7375 0.090625 0.08203125
0 0.05 0.62421875 0.090625 0.1046875
0 0.12109375 0.41640625 0.0546875 0.05546875
0 0.77421875 0.4765625 0.1015625 0.06796875
0 0.915625 0.6046875 0.059375 0.06640625
0 0.5890625 0.8265625 0.05 0.0375
0 0.35234375 0.4296875 0.0671875 0.046875
0 0.0734375 0.47265625 0.04921875 0.04609375
0 0.1953125 0.4828125 0.02890625 0.03203125
0 0.3640625 0.55078125 0.065625 0.03828125
0 0.51796875 0.62109375 0.0328125 0.0359375
0 0.4640625 0.66640625 0.03203125 0.0328125
