0 0.72220828125 0.36561931875 0.7882840609375 0.36826235 0.7777119359375 0.3294978921875 0.7420310140625 0.322449809375 0.72220828125 0.36561931875
0 0.496875 0.6765625 0.2625 0.23515625
0 0.590625 0.50078125 0.0359375 0.09140625
0 0.440625 0.53203125 0.05390625 0.059375
0 0.27109375 0.5234375 0.0578125 0.04375
0 0.06328125 0.5421875 0.1015625 0.09140625
0 0.190625 0.309375 0.1 0.04453125
5 0.17265625 0.44453125 0.16953125 0.259375
5 0.34609375 0.43984375 0.1375 0.22265625
5 0.509375 0.43984375 0.15 0.22109375
5 0.796875 0.4671875 0.16953125 0.203125
