5 0.62890625 0.271875 0.2515625 0.35
5 0.35859375 0.7578125 0.2140625 0.265625
5 0.77890625 0.6 0.2296875 0.31875
5 0.28125 0.515625 0.19375 0.225
5 0.5921875 0.56328125 0.175 0.2640625
5 0.49453125 0.55546875 0.1265625 0.2171875
5 0.65 0.82734375 0.15625 0.2796875
5 0.8328125 0.8671875 0.19375 0.25625
5 0.94765625 0.63515625 0.1046875 0.3953125
5 0.48515625 0.3203125 0.1296875 0.215625
5 0.37265625 0.31484375 0.1171875 0.2015625
5 0.15859375 0.4953125 0.1296875 0.215625
5 0.31171875 0.3203125 0.1109375 0.215625
5 0.5359375 0.771875 0.146875 0.2375
5 0.20703125 0.725 0.1234375 0.2375
