5 0.034375 0.51015625 0.06875 0.11640625
5 0.190625 0.50234375 0.08828125 0.11875
5 0.27890625 0.50390625 0.08515625 0.1078125
5 0.37265625 0.50390625 0.0890625 0.1109375
5 0.47265625 0.4984375 0.07421875 0.11171875
5 0.55859375 0.50390625 0.06875 0.10859375
5 0.63203125 0.509375 0.06640625 0.10703125
0 0.2703125 0.43828125 0.0765625 0.02265625
0 0.54609375 0.44609375 0.059375 0.0140625
0 0.63203125 0.4453125 0.0828125 0.02109375
0 0.71640625 0.453125 0.0484375 0.028125
0 0.9637969515625 0.5906171796875 0.9632326671874999 0.5466030328125 0.9553326921874999 0.47926515 0.9680290812499999 0.5010841296875 0.982136178125 0.46760328281249997 0.97677548125 0.3848416390625 0.9245792187499999 0.3833368828125 0.9245792187499999 0.45819855 0.9104721203125001 0.4296081640625 0.8783079359375 0.42885578593749996 0.848965171875 0.3901082890625 0.8024117468749999 0.4051558609375 0.8094652968749999 0.460079496875 0.7434440765625 0.454812846875 0.7440083609375 0.45518903593750004 0.7425976515625 0.560145846875 0.8258295312499999 0.5567601437499999 0.8757686578125 0.6026552359374999 0.9637969515625 0.5906171796875
