5 0.315512453125 0.45038501406250003 0.208992325 0.44474392500000004 0.22856296875 0.5265295890624999 0.3338160078125 0.5183112359375001 0.34279715 0.4462771046875 0.315512453125 0.45038501406250003
5 0.39039585 0.44456399687500003 0.40964212031249997 0.5352826546875 0.4868502078125 0.53843264375 0.5058531953125 0.4466014796875 0.39039585 0.44456399687500003
5 0.556340865625 0.4470120171875 0.5242986640625 0.438286828125 0.5464710703125 0.5352471765625 0.63053834375 0.53805505 0.645875215625 0.44188536718750004 0.556340865625 0.4470120171875
5 0.7436980296875 0.443780934375 0.6889056296875 0.44639114218750003 0.7020766203125001 0.5295097875 0.746570103125 0.5392638546875 0.817317715625 0.5378295078125 0.843304909375 0.44345655937500006 0.7436980296875 0.443780934375
0 0.0921875 0.51640625 0.184375 0.1140625
0 0.2991044671875 0.40927804375 0.23297920468750002 0.408195946875 0.2174936609375 0.4447135140625 0.3038518359375 0.44596793437500004 0.3386512265625 0.43844648125 0.2991044671875 0.40927804375
0 0.449895071875 0.41041335625 0.4083344828125 0.4123342671875 0.38319539375 0.43855545156250003 0.4475028046875 0.44765823437499996 0.5075088609375 0.4411833984375 0.449895071875 0.41041335625
0 0.614633815625 0.41224303593749995 0.5522050796875 0.40708597500000004 0.525920540625 0.4359604484375 0.587426834375 0.44058279687499996 0.650477290625 0.4415103078125 0.614633815625 0.41224303593749995
0 0.7247896515625001 0.418398565625 0.713625734375 0.4379067 0.8429433671875 0.4418422859375 0.824879715625 0.4248657984375 0.7247896515625001 0.418398565625
0 0.5515625 0.62109375 0.27890625 0.0890625
0 0.14609375 0.61875 0.08359375 0.0546875
0 0.8859375 0.5234375 0.10234375 0.0796875
