2 0.85703125 0.4703125 0.11875 0.08515625
2 0.33125 0.459375 0.046875 0.034375
2 0.65234375 0.38203125 0.27109375 0.02890625
0 0.296875 0.42109375 0.1109375 0.06640625
0 0.3953125 0.42578125 0.078125 0.06796875
0 0.4765625 0.4296875 0.08359375 0.0765625
0 0.559375 0.43671875 0.08203125 0.07890625
0 0.6421875 0.434375 0.0828125 0.0703125
0 0.73828125 0.4359375 0.08515625 0.07109375
2 0.765625 0.4765625 0.0296875 0.02578125
2 0.64453125 0.478125 0.05625 0.01875
2 0.5328125 0.5203125 0.02734375 0.01640625