2 0 0.5319197375 0.092437271875 0.5378659953125 0.092437271875 0.4475909984375 0.0429752234375 0.44650986093749995 0.061219421875 0.4443475859375 0.057570581249999996 0.35785657187500003 0 0.315692203125 0 0.5319197375
2 0.89140625 0.46953125 0.09609375 0.09765625
2 0.8109375 0.4953125 0.0671875 0.04453125
2 0.80703125 0.38125 0.07421875 0.0375
2 0.72421875 0.3828125 0.0671875 0.01953125
2 0.24375 0.49765625 0.05234375 0.0375
2 0.1171875 0.5125 0.0484375 0.03984375
0 0.17890625 0.459375 0.11328125 0.11328125
0 0.396875 0.4515625 0.2796875 0.11796875
0 0.67890625 0.45234375 0.16953125 0.1203125
0 0.80859375 0.434375 0.07421875 0.06953125